AETHOS-13/OSCAR Complete Coordinate Tables
Generated December 14, 2025

Part 1: Base Vector Coordinates (n = 0 to 20)
n
v1
v2
v3
v4
v5
v6
v7
v8
0
(0,0,0)
(0,0,-0)
(0,0,0)
(0,0,0)
(0,0,0)
(0,0,-0)
(0,0,0)
(0,0,0)
1
(1,0,1)
(1,0,-1)
(-1,0,1)
(-1,0,-1)
(0,1,1)
(0,1,-1)
(0,-1,1)
(0,-1,-1)
2
(2,0,2)
(2,0,-2)
(-2,0,2)
(-2,0,-2)
(0,2,2)
(0,2,-2)
(0,-2,2)
(0,-2,-2)
3
(3,0,3)
(3,0,-3)
(-3,0,3)
(-3,0,-3)
(0,3,3)
(0,3,-3)
(0,-3,3)
(0,-3,-3)
4
(4,0,4)
(4,0,-4)
(-4,0,4)
(-4,0,-4)
(0,4,4)
(0,4,-4)
(0,-4,4)
(0,-4,-4)
5
(5,0,5)
(5,0,-5)
(-5,0,5)
(-5,0,-5)
(0,5,5)
(0,5,-5)
(0,-5,5)
(0,-5,-5)
6
(6,0,6)
(6,0,-6)
(-6,0,6)
(-6,0,-6)
(0,6,6)
(0,6,-6)
(0,-6,6)
(0,-6,-6)
7
(7,0,7)
(7,0,-7)
(-7,0,7)
(-7,0,-7)
(0,7,7)
(0,7,-7)
(0,-7,7)
(0,-7,-7)
8
(8,0,8)
(8,0,-8)
(-8,0,8)
(-8,0,-8)
(0,8,8)
(0,8,-8)
(0,-8,8)
(0,-8,-8)
9
(9,0,9)
(9,0,-9)
(-9,0,9)
(-9,0,-9)
(0,9,9)
(0,9,-9)
(0,-9,9)
(0,-9,-9)
10
(10,0,10)
(10,0,-10)
(-10,0,10)
(-10,0,-10)
(0,10,10)
(0,10,-10)
(0,-10,10)
(0,-10,-10)
11
(11,0,11)
(11,0,-11)
(-11,0,11)
(-11,0,-11)
(0,11,11)
(0,11,-11)
(0,-11,11)
(0,-11,-11)
12
(12,0,12)
(12,0,-12)
(-12,0,12)
(-12,0,-12)
(0,12,12)
(0,12,-12)
(0,-12,12)
(0,-12,-12)
13
(13,0,13)
(13,0,-13)
(-13,0,13)
(-13,0,-13)
(0,13,13)
(0,13,-13)
(0,-13,13)
(0,-13,-13)
14
(14,0,14)
(14,0,-14)
(-14,0,14)
(-14,0,-14)
(0,14,14)
(0,14,-14)
(0,-14,14)
(0,-14,-14)
15
(15,0,15)
(15,0,-15)
(-15,0,15)
(-15,0,-15)
(0,15,15)
(0,15,-15)
(0,-15,15)
(0,-15,-15)
16
(16,0,16)
(16,0,-16)
(-16,0,16)
(-16,0,-16)
(0,16,16)
(0,16,-16)
(0,-16,16)
(0,-16,-16)
17
(17,0,17)
(17,0,-17)
(-17,0,17)
(-17,0,-17)
(0,17,17)
(0,17,-17)
(0,-17,17)
(0,-17,-17)
18
(18,0,18)
(18,0,-18)
(-18,0,18)
(-18,0,-18)
(0,18,18)
(0,18,-18)
(0,-18,18)
(0,-18,-18)
19
(19,0,19)
(19,0,-19)
(-19,0,19)
(-19,0,-19)
(0,19,19)
(0,19,-19)
(0,-19,19)
(0,-19,-19)
20
(20,0,20)
(20,0,-20)
(-20,0,20)
(-20,0,-20)
(0,20,20)
(0,20,-20)
(0,-20,20)
(0,-20,-20)

Part 2: Single-Prime Branching (VA1-VA4 on v1)
First 10 primes, n = 0 to 20, Direct X,Y,Z mapping
Prime p = 2
n
VA1
VA2
VA3
VA4
0
(2,0,2)
(2,0,2)
(2,0,2)
(2,0,2)
1
(3,1,3)
(3,-1,3)
(2,0,3)
(4,0,3)
2
(4,2,4)
(4,-2,4)
(2,0,4)
(6,0,4)
3
(5,2,5)
(5,-2,5)
(3,0,5)
(7,0,5)
4
(6,2,6)
(6,-2,6)
(4,0,6)
(8,0,6)
5
(7,2,7)
(7,-2,7)
(5,0,7)
(9,0,7)
6
(8,2,8)
(8,-2,8)
(6,0,8)
(10,0,8)
7
(9,2,9)
(9,-2,9)
(7,0,9)
(11,0,9)
8
(10,2,10)
(10,-2,10)
(8,0,10)
(12,0,10)
9
(11,2,11)
(11,-2,11)
(9,0,11)
(13,0,11)
10
(12,2,12)
(12,-2,12)
(10,0,12)
(14,0,12)
11
(13,2,13)
(13,-2,13)
(11,0,13)
(15,0,13)
12
(14,2,14)
(14,-2,14)
(12,0,14)
(16,0,14)
13
(15,2,15)
(15,-2,15)
(13,0,15)
(17,0,15)
14
(16,2,16)
(16,-2,16)
(14,0,16)
(18,0,16)
15
(17,2,17)
(17,-2,17)
(15,0,17)
(19,0,17)
16
(18,2,18)
(18,-2,18)
(16,0,18)
(20,0,18)
17
(19,2,19)
(19,-2,19)
(17,0,19)
(21,0,19)
18
(20,2,20)
(20,-2,20)
(18,0,20)
(22,0,20)
19
(21,2,21)
(21,-2,21)
(19,0,21)
(23,0,21)
20
(22,2,22)
(22,-2,22)
(20,0,22)
(24,0,22)
Prime p = 3
n
VA1
VA2
VA3
VA4

0
(3,0,3)
(3,0,3)
(3,0,3)
(3,0,3)
1
(4,1,4)
(4,-1,4)
(3,0,4)
(5,0,4)
2
(5,2,5)
(5,-2,5)
(3,0,5)
(7,0,5)
3
(6,3,6)
(6,-3,6)
(3,0,6)
(9,0,6)
4
(7,3,7)
(7,-3,7)
(4,0,7)
(10,0,7)
5
(8,3,8)
(8,-3,8)
(5,0,8)
(11,0,8)
6
(9,3,9)
(9,-3,9)
(6,0,9)
(12,0,9)
7
(10,3,10)
(10,-3,10)
(7,0,10)
(13,0,10)
8
(11,3,11)
(11,-3,11)
(8,0,11)
(14,0,11)
9
(12,3,12)
(12,-3,12)
(9,0,12)
(15,0,12)
10
(13,3,13)
(13,-3,13)
(10,0,13)
(16,0,13)
11
(14,3,14)
(14,-3,14)
(11,0,14)
(17,0,14)
12
(15,3,15)
(15,-3,15)
(12,0,15)
(18,0,15)
13
(16,3,16)
(16,-3,16)
(13,0,16)
(19,0,16)
14
(17,3,17)
(17,-3,17)
(14,0,17)
(20,0,17)
15
(18,3,18)
(18,-3,18)
(15,0,18)
(21,0,18)
16
(19,3,19)
(19,-3,19)
(16,0,19)
(22,0,19)
17
(20,3,20)
(20,-3,20)
(17,0,20)
(23,0,20)
18
(21,3,21)
(21,-3,21)
(18,0,21)
(24,0,21)
19
(22,3,22)
(22,-3,22)
(19,0,22)
(25,0,22)
20
(23,3,23)
(23,-3,23)
(20,0,23)
(26,0,23)
Prime p = 5
n
VA1
VA2
VA3
VA4
0
(5,0,5)
(5,0,5)
(5,0,5)
(5,0,5)
1
(6,1,6)
(6,-1,6)
(5,0,6)
(7,0,6)
2
(7,2,7)
(7,-2,7)
(5,0,7)
(9,0,7)
3
(8,3,8)
(8,-3,8)
(5,0,8)
(11,0,8)
4
(9,4,9)
(9,-4,9)
(5,0,9)
(13,0,9)
5
(10,5,10)
(10,-5,10)
(5,0,10)
(15,0,10)
6
(11,5,11)
(11,-5,11)
(6,0,11)
(16,0,11)

7
(12,5,12)
(12,-5,12)
(7,0,12)
(17,0,12)
8
(13,5,13)
(13,-5,13)
(8,0,13)
(18,0,13)
9
(14,5,14)
(14,-5,14)
(9,0,14)
(19,0,14)
10
(15,5,15)
(15,-5,15)
(10,0,15)
(20,0,15)
11
(16,5,16)
(16,-5,16)
(11,0,16)
(21,0,16)
12
(17,5,17)
(17,-5,17)
(12,0,17)
(22,0,17)
13
(18,5,18)
(18,-5,18)
(13,0,18)
(23,0,18)
14
(19,5,19)
(19,-5,19)
(14,0,19)
(24,0,19)
15
(20,5,20)
(20,-5,20)
(15,0,20)
(25,0,20)
16
(21,5,21)
(21,-5,21)
(16,0,21)
(26,0,21)
17
(22,5,22)
(22,-5,22)
(17,0,22)
(27,0,22)
18
(23,5,23)
(23,-5,23)
(18,0,23)
(28,0,23)
19
(24,5,24)
(24,-5,24)
(19,0,24)
(29,0,24)
20
(25,5,25)
(25,-5,25)
(20,0,25)
(30,0,25)
Prime p = 7
n
VA1
VA2
VA3
VA4
0
(7,0,7)
(7,0,7)
(7,0,7)
(7,0,7)
1
(8,1,8)
(8,-1,8)
(7,0,8)
(9,0,8)
2
(9,2,9)
(9,-2,9)
(7,0,9)
(11,0,9)
3
(10,3,10)
(10,-3,10)
(7,0,10)
(13,0,10)
4
(11,4,11)
(11,-4,11)
(7,0,11)
(15,0,11)
5
(12,5,12)
(12,-5,12)
(7,0,12)
(17,0,12)
6
(13,6,13)
(13,-6,13)
(7,0,13)
(19,0,13)
7
(14,7,14)
(14,-7,14)
(7,0,14)
(21,0,14)
8
(15,7,15)
(15,-7,15)
(8,0,15)
(22,0,15)
9
(16,7,16)
(16,-7,16)
(9,0,16)
(23,0,16)
10
(17,7,17)
(17,-7,17)
(10,0,17)
(24,0,17)
11
(18,7,18)
(18,-7,18)
(11,0,18)
(25,0,18)
12
(19,7,19)
(19,-7,19)
(12,0,19)
(26,0,19)
13
(20,7,20)
(20,-7,20)
(13,0,20)
(27,0,20)

14
(21,7,21)
(21,-7,21)
(14,0,21)
(28,0,21)
15
(22,7,22)
(22,-7,22)
(15,0,22)
(29,0,22)
16
(23,7,23)
(23,-7,23)
(16,0,23)
(30,0,23)
17
(24,7,24)
(24,-7,24)
(17,0,24)
(31,0,24)
18
(25,7,25)
(25,-7,25)
(18,0,25)
(32,0,25)
19
(26,7,26)
(26,-7,26)
(19,0,26)
(33,0,26)
20
(27,7,27)
(27,-7,27)
(20,0,27)
(34,0,27)
Prime p = 11
n
VA1
VA2
VA3
VA4
0
(11,0,11)
(11,0,11)
(11,0,11)
(11,0,11)
1
(12,1,12)
(12,-1,12)
(11,0,12)
(13,0,12)
2
(13,2,13)
(13,-2,13)
(11,0,13)
(15,0,13)
3
(14,3,14)
(14,-3,14)
(11,0,14)
(17,0,14)
4
(15,4,15)
(15,-4,15)
(11,0,15)
(19,0,15)
5
(16,5,16)
(16,-5,16)
(11,0,16)
(21,0,16)
6
(17,6,17)
(17,-6,17)
(11,0,17)
(23,0,17)
7
(18,7,18)
(18,-7,18)
(11,0,18)
(25,0,18)
8
(19,8,19)
(19,-8,19)
(11,0,19)
(27,0,19)
9
(20,9,20)
(20,-9,20)
(11,0,20)
(29,0,20)
10
(21,10,21)
(21,-10,21)
(11,0,21)
(31,0,21)
11
(22,11,22)
(22,-11,22)
(11,0,22)
(33,0,22)
12
(23,11,23)
(23,-11,23)
(12,0,23)
(34,0,23)
13
(24,11,24)
(24,-11,24)
(13,0,24)
(35,0,24)
14
(25,11,25)
(25,-11,25)
(14,0,25)
(36,0,25)
15
(26,11,26)
(26,-11,26)
(15,0,26)
(37,0,26)
16
(27,11,27)
(27,-11,27)
(16,0,27)
(38,0,27)
17
(28,11,28)
(28,-11,28)
(17,0,28)
(39,0,28)
18
(29,11,29)
(29,-11,29)
(18,0,29)
(40,0,29)
19
(30,11,30)
(30,-11,30)
(19,0,30)
(41,0,30)
20
(31,11,31)
(31,-11,31)
(20,0,31)
(42,0,31)

Prime p = 13
n
VA1
VA2
VA3
VA4
0
(13,0,13)
(13,0,13)
(13,0,13)
(13,0,13)
1
(14,1,14)
(14,-1,14)
(13,0,14)
(15,0,14)
2
(15,2,15)
(15,-2,15)
(13,0,15)
(17,0,15)
3
(16,3,16)
(16,-3,16)
(13,0,16)
(19,0,16)
4
(17,4,17)
(17,-4,17)
(13,0,17)
(21,0,17)
5
(18,5,18)
(18,-5,18)
(13,0,18)
(23,0,18)
6
(19,6,19)
(19,-6,19)
(13,0,19)
(25,0,19)
7
(20,7,20)
(20,-7,20)
(13,0,20)
(27,0,20)
8
(21,8,21)
(21,-8,21)
(13,0,21)
(29,0,21)
9
(22,9,22)
(22,-9,22)
(13,0,22)
(31,0,22)
10
(23,10,23)
(23,-10,23)
(13,0,23)
(33,0,23)
11
(24,11,24)
(24,-11,24)
(13,0,24)
(35,0,24)
12
(25,12,25)
(25,-12,25)
(13,0,25)
(37,0,25)
13
(26,13,26)
(26,-13,26)
(13,0,26)
(39,0,26)
14
(27,13,27)
(27,-13,27)
(14,0,27)
(40,0,27)
15
(28,13,28)
(28,-13,28)
(15,0,28)
(41,0,28)
16
(29,13,29)
(29,-13,29)
(16,0,29)
(42,0,29)
17
(30,13,30)
(30,-13,30)
(17,0,30)
(43,0,30)
18
(31,13,31)
(31,-13,31)
(18,0,31)
(44,0,31)
19
(32,13,32)
(32,-13,32)
(19,0,32)
(45,0,32)
20
(33,13,33)
(33,-13,33)
(20,0,33)
(46,0,33)
Prime p = 17
n
VA1
VA2
VA3
VA4
0
(17,0,17)
(17,0,17)
(17,0,17)
(17,0,17)
1
(18,1,18)
(18,-1,18)
(17,0,18)
(19,0,18)
2
(19,2,19)
(19,-2,19)
(17,0,19)
(21,0,19)

3
(20,3,20)
(20,-3,20)
(17,0,20)
(23,0,20)
4
(21,4,21)
(21,-4,21)
(17,0,21)
(25,0,21)
5
(22,5,22)
(22,-5,22)
(17,0,22)
(27,0,22)
6
(23,6,23)
(23,-6,23)
(17,0,23)
(29,0,23)
7
(24,7,24)
(24,-7,24)
(17,0,24)
(31,0,24)
8
(25,8,25)
(25,-8,25)
(17,0,25)
(33,0,25)
9
(26,9,26)
(26,-9,26)
(17,0,26)
(35,0,26)
10
(27,10,27)
(27,-10,27)
(17,0,27)
(37,0,27)
11
(28,11,28)
(28,-11,28)
(17,0,28)
(39,0,28)
12
(29,12,29)
(29,-12,29)
(17,0,29)
(41,0,29)
13
(30,13,30)
(30,-13,30)
(17,0,30)
(43,0,30)
14
(31,14,31)
(31,-14,31)
(17,0,31)
(45,0,31)
15
(32,15,32)
(32,-15,32)
(17,0,32)
(47,0,32)
16
(33,16,33)
(33,-16,33)
(17,0,33)
(49,0,33)
17
(34,17,34)
(34,-17,34)
(17,0,34)
(51,0,34)
18
(35,17,35)
(35,-17,35)
(18,0,35)
(52,0,35)
19
(36,17,36)
(36,-17,36)
(19,0,36)
(53,0,36)
20
(37,17,37)
(37,-17,37)
(20,0,37)
(54,0,37)
Prime p = 19
n
VA1
VA2
VA3
VA4
0
(19,0,19)
(19,0,19)
(19,0,19)
(19,0,19)
1
(20,1,20)
(20,-1,20)
(19,0,20)
(21,0,20)
2
(21,2,21)
(21,-2,21)
(19,0,21)
(23,0,21)
3
(22,3,22)
(22,-3,22)
(19,0,22)
(25,0,22)
4
(23,4,23)
(23,-4,23)
(19,0,23)
(27,0,23)
5
(24,5,24)
(24,-5,24)
(19,0,24)
(29,0,24)
6
(25,6,25)
(25,-6,25)
(19,0,25)
(31,0,25)
7
(26,7,26)
(26,-7,26)
(19,0,26)
(33,0,26)
8
(27,8,27)
(27,-8,27)
(19,0,27)
(35,0,27)
9
(28,9,28)
(28,-9,28)
(19,0,28)
(37,0,28)

10
(29,10,29)
(29,-10,29)
(19,0,29)
(39,0,29)
11
(30,11,30)
(30,-11,30)
(19,0,30)
(41,0,30)
12
(31,12,31)
(31,-12,31)
(19,0,31)
(43,0,31)
13
(32,13,32)
(32,-13,32)
(19,0,32)
(45,0,32)
14
(33,14,33)
(33,-14,33)
(19,0,33)
(47,0,33)
15
(34,15,34)
(34,-15,34)
(19,0,34)
(49,0,34)
16
(35,16,35)
(35,-16,35)
(19,0,35)
(51,0,35)
17
(36,17,36)
(36,-17,36)
(19,0,36)
(53,0,36)
18
(37,18,37)
(37,-18,37)
(19,0,37)
(55,0,37)
19
(38,19,38)
(38,-19,38)
(19,0,38)
(57,0,38)
20
(39,19,39)
(39,-19,39)
(20,0,39)
(58,0,39)
Prime p = 23
n
VA1
VA2
VA3
VA4
0
(23,0,23)
(23,0,23)
(23,0,23)
(23,0,23)
1
(24,1,24)
(24,-1,24)
(23,0,24)
(25,0,24)
2
(25,2,25)
(25,-2,25)
(23,0,25)
(27,0,25)
3
(26,3,26)
(26,-3,26)
(23,0,26)
(29,0,26)
4
(27,4,27)
(27,-4,27)
(23,0,27)
(31,0,27)
5
(28,5,28)
(28,-5,28)
(23,0,28)
(33,0,28)
6
(29,6,29)
(29,-6,29)
(23,0,29)
(35,0,29)
7
(30,7,30)
(30,-7,30)
(23,0,30)
(37,0,30)
8
(31,8,31)
(31,-8,31)
(23,0,31)
(39,0,31)
9
(32,9,32)
(32,-9,32)
(23,0,32)
(41,0,32)
10
(33,10,33)
(33,-10,33)
(23,0,33)
(43,0,33)
11
(34,11,34)
(34,-11,34)
(23,0,34)
(45,0,34)
12
(35,12,35)
(35,-12,35)
(23,0,35)
(47,0,35)
13
(36,13,36)
(36,-13,36)
(23,0,36)
(49,0,36)
14
(37,14,37)
(37,-14,37)
(23,0,37)
(51,0,37)
15
(38,15,38)
(38,-15,38)
(23,0,38)
(53,0,38)
16
(39,16,39)
(39,-16,39)
(23,0,39)
(55,0,39)

17
(40,17,40)
(40,-17,40)
(23,0,40)
(57,0,40)
18
(41,18,41)
(41,-18,41)
(23,0,41)
(59,0,41)
19
(42,19,42)
(42,-19,42)
(23,0,42)
(61,0,42)
20
(43,20,43)
(43,-20,43)
(23,0,43)
(63,0,43)
Prime p = 29
n
VA1
VA2
VA3
VA4
0
(29,0,29)
(29,0,29)
(29,0,29)
(29,0,29)
1
(30,1,30)
(30,-1,30)
(29,0,30)
(31,0,30)
2
(31,2,31)
(31,-2,31)
(29,0,31)
(33,0,31)
3
(32,3,32)
(32,-3,32)
(29,0,32)
(35,0,32)
4
(33,4,33)
(33,-4,33)
(29,0,33)
(37,0,33)
5
(34,5,34)
(34,-5,34)
(29,0,34)
(39,0,34)
6
(35,6,35)
(35,-6,35)
(29,0,35)
(41,0,35)
7
(36,7,36)
(36,-7,36)
(29,0,36)
(43,0,36)
8
(37,8,37)
(37,-8,37)
(29,0,37)
(45,0,37)
9
(38,9,38)
(38,-9,38)
(29,0,38)
(47,0,38)
10
(39,10,39)
(39,-10,39)
(29,0,39)
(49,0,39)
11
(40,11,40)
(40,-11,40)
(29,0,40)
(51,0,40)
12
(41,12,41)
(41,-12,41)
(29,0,41)
(53,0,41)
13
(42,13,42)
(42,-13,42)
(29,0,42)
(55,0,42)
14
(43,14,43)
(43,-14,43)
(29,0,43)
(57,0,43)
15
(44,15,44)
(44,-15,44)
(29,0,44)
(59,0,44)
16
(45,16,45)
(45,-16,45)
(29,0,45)
(61,0,45)
17
(46,17,46)
(46,-17,46)
(29,0,46)
(63,0,46)
18
(47,18,47)
(47,-18,47)
(29,0,47)
(65,0,47)
19
(48,19,48)
(48,-19,48)
(29,0,48)
(67,0,48)
20
(49,20,49)
(49,-20,49)
(29,0,49)
(69,0,49)

Part 3: Single-Prime Branching (VB1-VB4 with Y-over)
Formulas shown as: [Y,X,Z] → (X,Y,Z) after swap
Prime p = 2
n
VB1 [Y,X,Z]→(X,Y,Z)
VB2 [Y,X,Z]→(X,Y,Z)
VB3 [Y,X,Z]→(X,Y,Z)
VB4 [Y,X,Z]→(X,Y,Z)
0
[2,0,2]→(0,2,2)
[2,0,2]→(0,2,2)
[2,0,2]→(0,2,2)
[2,0,2]→(0,2,2)
2
[4,2,4]→(2,4,4)
[4,-2,4]→(-2,4,4)
[2,0,4]→(0,2,4)
[6,2,4]→(2,6,4)
4
[6,2,6]→(2,6,6)
[6,-2,6]→(-2,6,6)
[4,0,6]→(0,4,6)
[8,2,6]→(2,8,6)
6
[8,2,8]→(2,8,8)
[8,-2,8]→(-2,8,8)
[6,0,8]→(0,6,8)
[10,2,8]→(2,10,8)
8
[10,2,10]→(2,10,10)
[10,-2,10]→(-2,10,10)
[8,0,10]→(0,8,10)
[12,2,10]→(2,12,10)
10
[12,2,12]→(2,12,12)
[12,-2,12]→(-2,12,12)
[10,0,12]→(0,10,12)
[14,2,12]→(2,14,12)
12
[14,2,14]→(2,14,14)
[14,-2,14]→(-2,14,14)
[12,0,14]→(0,12,14)
[16,2,14]→(2,16,14)
14
[16,2,16]→(2,16,16)
[16,-2,16]→(-2,16,16)
[14,0,16]→(0,14,16)
[18,2,16]→(2,18,16)
16
[18,2,18]→(2,18,18)
[18,-2,18]→(-2,18,18)
[16,0,18]→(0,16,18)
[20,2,18]→(2,20,18)
18
[20,2,20]→(2,20,20)
[20,-2,20]→(-2,20,20)
[18,0,20]→(0,18,20)
[22,2,20]→(2,22,20)
20
[22,2,22]→(2,22,22)
[22,-2,22]→(-2,22,22)
[20,0,22]→(0,20,22)
[24,2,22]→(2,24,22)
Prime p = 3
n
VB1 [Y,X,Z]→(X,Y,Z)
VB2 [Y,X,Z]→(X,Y,Z)
VB3 [Y,X,Z]→(X,Y,Z)
VB4 [Y,X,Z]→(X,Y,Z)
0
[3,0,3]→(0,3,3)
[3,0,3]→(0,3,3)
[3,0,3]→(0,3,3)
[3,0,3]→(0,3,3)
2
[5,2,5]→(2,5,5)
[5,-2,5]→(-2,5,5)
[3,0,5]→(0,3,5)
[7,2,5]→(2,7,5)
4
[7,3,7]→(3,7,7)
[7,-3,7]→(-3,7,7)
[4,0,7]→(0,4,7)
[10,3,7]→(3,10,7)
6
[9,3,9]→(3,9,9)
[9,-3,9]→(-3,9,9)
[6,0,9]→(0,6,9)
[12,3,9]→(3,12,9)
8
[11,3,11]→(3,11,11)
[11,-3,11]→(-3,11,11)
[8,0,11]→(0,8,11)
[14,3,11]→(3,14,11)
10
[13,3,13]→(3,13,13)
[13,-3,13]→(-3,13,13)
[10,0,13]→(0,10,13)
[16,3,13]→(3,16,13)
12
[15,3,15]→(3,15,15)
[15,-3,15]→(-3,15,15)
[12,0,15]→(0,12,15)
[18,3,15]→(3,18,15)
14
[17,3,17]→(3,17,17)
[17,-3,17]→(-3,17,17)
[14,0,17]→(0,14,17)
[20,3,17]→(3,20,17)
16
[19,3,19]→(3,19,19)
[19,-3,19]→(-3,19,19)
[16,0,19]→(0,16,19)
[22,3,19]→(3,22,19)
18
[21,3,21]→(3,21,21)
[21,-3,21]→(-3,21,21)
[18,0,21]→(0,18,21)
[24,3,21]→(3,24,21)

20
[23,3,23]→(3,23,23)
[23,-3,23]→(-3,23,23)
[20,0,23]→(0,20,23)
[26,3,23]→(3,26,23)
Prime p = 5
n
VB1 [Y,X,Z]→(X,Y,Z)
VB2 [Y,X,Z]→(X,Y,Z)
VB3 [Y,X,Z]→(X,Y,Z)
VB4 [Y,X,Z]→(X,Y,Z)
0
[5,0,5]→(0,5,5)
[5,0,5]→(0,5,5)
[5,0,5]→(0,5,5)
[5,0,5]→(0,5,5)
2
[7,2,7]→(2,7,7)
[7,-2,7]→(-2,7,7)
[5,0,7]→(0,5,7)
[9,2,7]→(2,9,7)
4
[9,4,9]→(4,9,9)
[9,-4,9]→(-4,9,9)
[5,0,9]→(0,5,9)
[13,4,9]→(4,13,9)
6
[11,5,11]→(5,11,11)
[11,-5,11]→(-5,11,11)
[6,0,11]→(0,6,11)
[16,5,11]→(5,16,11)
8
[13,5,13]→(5,13,13)
[13,-5,13]→(-5,13,13)
[8,0,13]→(0,8,13)
[18,5,13]→(5,18,13)
10
[15,5,15]→(5,15,15)
[15,-5,15]→(-5,15,15)
[10,0,15]→(0,10,15)
[20,5,15]→(5,20,15)
12
[17,5,17]→(5,17,17)
[17,-5,17]→(-5,17,17)
[12,0,17]→(0,12,17)
[22,5,17]→(5,22,17)
14
[19,5,19]→(5,19,19)
[19,-5,19]→(-5,19,19)
[14,0,19]→(0,14,19)
[24,5,19]→(5,24,19)
16
[21,5,21]→(5,21,21)
[21,-5,21]→(-5,21,21)
[16,0,21]→(0,16,21)
[26,5,21]→(5,26,21)
18
[23,5,23]→(5,23,23)
[23,-5,23]→(-5,23,23)
[18,0,23]→(0,18,23)
[28,5,23]→(5,28,23)
20
[25,5,25]→(5,25,25)
[25,-5,25]→(-5,25,25)
[20,0,25]→(0,20,25)
[30,5,25]→(5,30,25)
Prime p = 7
n
VB1 [Y,X,Z]→(X,Y,Z)
VB2 [Y,X,Z]→(X,Y,Z)
VB3 [Y,X,Z]→(X,Y,Z)
VB4 [Y,X,Z]→(X,Y,Z)
0
[7,0,7]→(0,7,7)
[7,0,7]→(0,7,7)
[7,0,7]→(0,7,7)
[7,0,7]→(0,7,7)
2
[9,2,9]→(2,9,9)
[9,-2,9]→(-2,9,9)
[7,0,9]→(0,7,9)
[11,2,9]→(2,11,9)
4
[11,4,11]→(4,11,11)
[11,-4,11]→(-4,11,11)
[7,0,11]→(0,7,11)
[15,4,11]→(4,15,11)
6
[13,6,13]→(6,13,13)
[13,-6,13]→(-6,13,13)
[7,0,13]→(0,7,13)
[19,6,13]→(6,19,13)
8
[15,7,15]→(7,15,15)
[15,-7,15]→(-7,15,15)
[8,0,15]→(0,8,15)
[22,7,15]→(7,22,15)
10
[17,7,17]→(7,17,17)
[17,-7,17]→(-7,17,17)
[10,0,17]→(0,10,17)
[24,7,17]→(7,24,17)
12
[19,7,19]→(7,19,19)
[19,-7,19]→(-7,19,19)
[12,0,19]→(0,12,19)
[26,7,19]→(7,26,19)
14
[21,7,21]→(7,21,21)
[21,-7,21]→(-7,21,21)
[14,0,21]→(0,14,21)
[28,7,21]→(7,28,21)
16
[23,7,23]→(7,23,23)
[23,-7,23]→(-7,23,23)
[16,0,23]→(0,16,23)
[30,7,23]→(7,30,23)
18
[25,7,25]→(7,25,25)
[25,-7,25]→(-7,25,25)
[18,0,25]→(0,18,25)
[32,7,25]→(7,32,25)
20
[27,7,27]→(7,27,27)
[27,-7,27]→(-7,27,27)
[20,0,27]→(0,20,27)
[34,7,27]→(7,34,27)

Prime p = 11
n
VB1 [Y,X,Z]→(X,Y,Z)
VB2 [Y,X,Z]→(X,Y,Z)
VB3 [Y,X,Z]→(X,Y,Z)
VB4 [Y,X,Z]→(X,Y,Z)
0
[11,0,11]→(0,11,11)
[11,0,11]→(0,11,11)
[11,0,11]→(0,11,11)
[11,0,11]→(0,11,11)
2
[13,2,13]→(2,13,13)
[13,-2,13]→(-2,13,13)
[11,0,13]→(0,11,13)
[15,2,13]→(2,15,13)
4
[15,4,15]→(4,15,15)
[15,-4,15]→(-4,15,15)
[11,0,15]→(0,11,15)
[19,4,15]→(4,19,15)
6
[17,6,17]→(6,17,17)
[17,-6,17]→(-6,17,17)
[11,0,17]→(0,11,17)
[23,6,17]→(6,23,17)
8
[19,8,19]→(8,19,19)
[19,-8,19]→(-8,19,19)
[11,0,19]→(0,11,19)
[27,8,19]→(8,27,19)
10
[21,10,21]→(10,21,21)
[21,-10,21]→(-10,21,21)
[11,0,21]→(0,11,21)
[31,10,21]→(10,31,21)
12
[23,11,23]→(11,23,23)
[23,-11,23]→(-11,23,23)
[12,0,23]→(0,12,23)
[34,11,23]→(11,34,23)
14
[25,11,25]→(11,25,25)
[25,-11,25]→(-11,25,25)
[14,0,25]→(0,14,25)
[36,11,25]→(11,36,25)
16
[27,11,27]→(11,27,27)
[27,-11,27]→(-11,27,27)
[16,0,27]→(0,16,27)
[38,11,27]→(11,38,27)
18
[29,11,29]→(11,29,29)
[29,-11,29]→(-11,29,29)
[18,0,29]→(0,18,29)
[40,11,29]→(11,40,29)
20
[31,11,31]→(11,31,31)
[31,-11,31]→(-11,31,31)
[20,0,31]→(0,20,31)
[42,11,31]→(11,42,31)

Part 4: Prime-by-Prime Branching (VA Family)
Examples: a=5, p=11, n=0 to 20 on v1 (Direct X,Y,Z)
n
Case
VA1A
VA1B
VA1C
VA1D
0
1
(16,5,16)
(16,-5,16)
(11,0,16)
(21,0,16)
1
1
(16,5,17)
(18,-5,17)
(12,-1,17)
(22,1,17)
2
1
(16,5,18)
(20,-5,18)
(13,-2,18)
(23,2,18)
3
1
(16,5,19)
(22,-5,19)
(14,-3,19)
(24,3,19)
4
1
(16,5,20)
(24,-5,20)
(15,-4,20)
(25,4,20)
5
2
(16,5,21)
(26,-5,21)
(16,-5,21)
(26,5,21)
6
2
(17,6,22)
(27,-6,22)
(16,-5,22)
(28,5,22)
7
2
(18,7,23)
(28,-7,23)
(16,-5,23)
(30,5,23)
8
2
(19,8,24)
(29,-8,24)
(16,-5,24)
(32,5,24)
9
2
(20,9,25)
(30,-9,25)
(16,-5,25)
(34,5,25)
10
2
(21,10,26)
(31,-10,26)
(16,-5,26)
(36,5,26)
11
3
(22,11,27)
(32,-11,27)
(16,-5,27)
(38,5,27)
12
3
(23,11,28)
(33,-11,28)
(17,-5,28)
(39,5,28)
13
3
(24,11,29)
(34,-11,29)
(18,-5,29)
(40,5,29)
14
3
(25,11,30)
(35,-11,30)
(19,-5,30)
(41,5,30)
15
3
(26,11,31)
(36,-11,31)
(20,-5,31)
(42,5,31)
16
3
(27,11,32)
(37,-11,32)
(21,-5,32)
(43,5,32)
17
3
(28,11,33)
(38,-11,33)
(22,-5,33)
(44,5,33)
18
3
(29,11,34)
(39,-11,34)
(23,-5,34)
(45,5,34)
19
3
(30,11,35)
(40,-11,35)
(24,-5,35)
(46,5,35)
20
3
(31,11,36)
(41,-11,36)
(25,-5,36)
(47,5,36)

Part 5: Prime-by-Prime Branching (VB Family)
Examples: a=5, p=11, showing [Y,X,Z] → (X,Y,Z) transformation
n
Case
VB1A [Y,X,Z]→(X,Y,Z)
VB1B [Y,X,Z]→(X,Y,Z)
0
1
[16,5,16]→(5,16,16)
[16,-5,16]→(-5,16,16)
2
1
[16,5,18]→(5,16,18)
[20,-5,18]→(-5,20,18)
4
1
[16,5,20]→(5,16,20)
[24,-5,20]→(-5,24,20)
6
2
[17,6,22]→(6,17,22)
[27,-6,22]→(-6,27,22)
8
2
[19,8,24]→(8,19,24)
[29,-8,24]→(-8,29,24)
10
2
[21,10,26]→(10,21,26)
[31,-10,26]→(-10,31,26)
12
3
[23,11,28]→(11,23,28)
[33,-11,28]→(-11,33,28)
14
3
[25,11,30]→(11,25,30)
[35,-11,30]→(-11,35,30)
16
3
[27,11,32]→(11,27,32)
[37,-11,32]→(-11,37,32)
18
3
[29,11,34]→(11,29,34)
[39,-11,34]→(-11,39,34)
20
3
[31,11,36]→(11,31,36)
[41,-11,36]→(-11,41,36)
n
Case
VB1C [Y,X,Z]→(X,Y,Z)
VB1D [Y,X,Z]→(X,Y,Z)
0
1
[11,0,16]→(0,11,16)
[21,0,16]→(0,21,16)
2
1
[13,-2,18]→(-2,13,18)
[23,2,18]→(2,23,18)
4
1
[15,-4,20]→(-4,15,20)
[25,4,20]→(4,25,20)
6
2
[16,-5,22]→(-5,16,22)
[28,5,22]→(5,28,22)
8
2
[16,-5,24]→(-5,16,24)
[32,5,24]→(5,32,24)
10
2
[16,-5,26]→(-5,16,26)
[36,5,26]→(5,36,26)
12
3
[17,-5,28]→(-5,17,28)
[39,5,28]→(5,39,28)
14
3
[19,-5,30]→(-5,19,30)
[41,5,30]→(5,41,30)
16
3
[21,-5,32]→(-5,21,32)
[43,5,32]→(5,43,32)
18
3
[23,-5,34]→(-5,23,34)
[45,5,34]→(5,45,34)
20
3
[25,-5,36]→(-5,25,36)
[47,5,36]→(5,47,36)
